logoutlocation:
  world: railway
  x: 37.302139871413026
  y: 64.0
  z: 262.60675804806345
  yaw: 291.4497
  pitch: 90.0
uuid: ad077ebc-226d-3e98-8162-26cfcd17bf22
timestamps:
  login: 1422184704767
  logout: 1422184696087
  lastteleport: 1422186810988
ipAddress: 192.168.137.169
lastlocation:
  world: railway
  x: 54.146675175423276
  y: 140.0
  z: 265.21252049821527
  yaw: 350.99963
  pitch: 51.45002
