uuid: 7c60e939-8e36-38d8-a44d-ec1a9a651f93
timestamps:
  login: 1479088759463
  lastteleport: 1479088799651
  logout: 1479089941035
ipAddress: 71.59.151.73
lastlocation:
  world: kevlar
  x: 130.42095656553286
  y: 66.0
  z: 257.47732881805473
  yaw: 183.45001
  pitch: 31.20003
logoutlocation:
  world: kevlar
  x: -665.4951886266992
  y: 83.13478299172111
  z: 1070.497451114845
  yaw: -20.98822
  pitch: 12.300052
