uuid: 60174fc4-d4a6-3c3d-9d31-9cd178ce44c0
timestamps:
  login: 1469666036581
  lastteleport: 1469660379978
  logout: 1469666512970
ipAddress: 50.188.144.176
lastlocation:
  world: kevlar
  x: -12.026650520996792
  y: 79.04055212652122
  z: 745.6609058897719
  yaw: -99.29483
  pitch: 21.300009
logoutlocation:
  world: kevlar
  x: -84.88862637280766
  y: 199.82534673205618
  z: 625.5361921969226
  yaw: 194.7041
  pitch: -24.749973
afk: false
