uuid: 5da7c8dd-0c58-3795-be31-9bf6fd5a66eb
timestamps:
  login: 1450560814223
  logout: 1450560975720
ipAddress: 192.168.1.3
logoutlocation:
  world: kevlar
  x: 141.7907090543514
  y: 73.10170230434015
  z: 77.14947124369809
  yaw: 36.75019
  pitch: 13.650025
