uuid: 9041b3c5-4926-3875-8db1-19c2053655ad
timestamps:
  login: 1454134263244
  lastteleport: 1454133987627
  logout: 1454135411174
ipAddress: 192.168.1.3
lastlocation:
  world: kevlar
  x: 130.764474427051
  y: 66.0
  z: 256.7733583528912
  yaw: 184.20004
  pitch: 37.949997
logoutlocation:
  world: kevlar
  x: 1447.461013171649
  y: 107.02465681726461
  z: 577.04481128039
  yaw: 351.30334
  pitch: 80.4
