uuid: d6d9ba0c-e1d0-3ec1-b913-9332f3b37c50
timestamps:
  login: 1453164092681
  lastteleport: 1450667209682
ipAddress: 192.168.1.24
lastlocation:
  world: kevlar
  x: 9979.049627709239
  y: 202.67850085572533
  z: -10020.027790235863
  yaw: 291.95035
  pitch: 46.649967
afk: false
