uuid: 22cdf969-3cde-38b5-bf42-29f1712cf7e7
timestamps:
  login: 1585110570051
  logout: 1585111553278
  lastteleport: 1440975847238
ipAddress: 127.0.0.1
lastlocation:
  world: kevlar
  x: -107.3787992715931
  y: 49.0
  z: 745.3000000119209
  yaw: -241.04666
  pitch: -6.599977
logoutlocation:
  world: kevlar
  x: 321.41012444380584
  y: 67.40596061970224
  z: 571.2520076388284
  yaw: 70.801636
  pitch: -7.950003
afk: false
