uuid: ba8fccdc-ca32-357d-b8bd-79da542a617a
timestamps:
  login: 1546448537835
  logout: 1546448638318
ipAddress: 127.0.0.1
logoutlocation:
  world: kevlar
  x: 70.05628696117152
  y: 83.95711844135505
  z: 57.85522259055198
  yaw: 202.4212
  pitch: 47.19021
