uuid: 4667ed63-fe52-3fc6-969c-625551214508
timestamps:
  login: 1454893699841
  lastteleport: 1454894026637
  logout: 1454894297674
ipAddress: 192.168.1.239
lastlocation:
  world: kevlar
  x: 129.63450999785917
  y: 66.0
  z: 257.49576624224886
  yaw: 98.84999
  pitch: 44.250004
logoutlocation:
  world: kevlar
  x: 84.5496869875228
  y: 65.7361106999536
  z: 547.785896284752
  yaw: -325.79517
  pitch: -53.85
