uuid: 32df6013-0389-3020-921e-2befe6e6f86a
timestamps:
  login: 1422184824501
  lastteleport: 1422187104244
  logout: 1422187808438
ipAddress: 192.168.2.83
lastlocation:
  world: railway
  x: 54.30000001192093
  y: 140.0
  z: 265.30000001192093
  yaw: 356.40872
  pitch: 50.52404
