uuid: 8546de97-4b7f-3de8-889c-4e10a99ded38
timestamps:
  login: 1454870625368
  lastteleport: 1454869853799
  logout: 1454870770192
ipAddress: 50.188.144.176
lastlocation:
  world: kevlar
  x: 130.07725746031693
  y: 66.0
  z: 256.84277091225636
  yaw: -189.3001
  pitch: 16.199997
logoutlocation:
  world: kevlar
  x: -75.79971114491764
  y: 68.23981936600332
  z: 666.3000000119209
  yaw: -197.24591
  pitch: 28.349972
