uuid: 495990ba-329f-3aa3-8182-e3045c7a684e
timestamps:
  login: 1468555636678
  logout: 1468559346872
  lastteleport: 1468557583984
ipAddress: 71.238.19.216
lastlocation:
  world: kevlar
  x: -147.15788586480505
  y: 69.0
  z: 719.5850305498262
  yaw: -230.9958
  pitch: 16.350014
afk: false
logoutlocation:
  world: kevlar
  x: 112.99903568407044
  y: 40.200000047683716
  z: 656.0898926343169
  yaw: -260.07635
  pitch: 23.99999
