uuid: 515e888d-7d0f-3064-ace3-7cecdddda0c8
timestamps:
  login: 1479086332538
  lastteleport: 1475930285276
  logout: 1479089801037
ipAddress: 50.188.157.211
lastlocation:
  world: kevlar
  x: 129.19722398925882
  y: 66.0
  z: 257.50204365552315
  yaw: -90.60098
  pitch: 48.325806
logoutlocation:
  world: kevlar
  x: -736.1497037288597
  y: 102.24792232438742
  z: 1049.4291577967294
  yaw: -250.33594
  pitch: 36.865417
