uuid: ca3fe6a8-1f8b-32a6-9508-16d34ffd5c6d
timestamps:
  login: 1470113211820
  lastteleport: 1469938705035
  logout: 1470113855144
ipAddress: 24.20.17.241
lastlocation:
  world: kevlar
  x: -94.57384575422273
  y: 80.0
  z: 546.6389338793796
  yaw: -78.744934
  pitch: 27.749949
logoutlocation:
  world: kevlar
  x: -336.85605850714467
  y: 64.2574904882804
  z: 582.2101597520676
  yaw: -18.539011
  pitch: 37.79994
afk: false
