uuid: faa54245-2efe-355a-aa01-63e6cfd903ff
timestamps:
  login: 1469234856558
  lastteleport: 1469235869251
  logout: 1469236493401
ipAddress: 24.21.140.75
lastlocation:
  world: kevlar
  x: -72.78913991336725
  y: 66.0
  z: 310.08344839381397
  yaw: 249.74992
  pitch: 3.2999923
logoutlocation:
  world: kevlar
  x: -160.4693922218119
  y: 61.0
  z: 427.69999998807907
  yaw: 57.4541
  pitch: 28.800003
afk: false
