uuid: 747e33a6-adcd-3bfb-a34c-55276ff57c51
timestamps:
  login: 1455418662878
  logout: 1455418959821
  lastteleport: 1455418938136
ipAddress: 192.168.1.4
logoutlocation:
  world: kevlar
  x: -62.67381910619119
  y: 188.74923432073595
  z: 310.0257311286258
  yaw: -179.85
  pitch: 83.54999
lastlocation:
  world: kevlar
  x: -62.78526622771469
  y: 202.0
  z: 309.8279896155594
  yaw: -179.10002
  pitch: 84.29999
