uuid: 174459a0-657a-31e5-8c51-726617dfc670
timestamps:
  login: 1422109764401
  logout: 1422109885778
ipAddress: 127.0.0.1
logoutlocation:
  world: newgame
  x: -152.32424869732307
  y: 65.0
  z: 53.643405215947055
  yaw: -90.89999
  pitch: 26.549997
