uuid: 10a5caa4-cfdc-38cb-a0a2-44b4c0541f96
timestamps:
  login: 1453698971413
  lastteleport: 1453699734056
  logout: 1451451906618
ipAddress: 50.188.129.44
lastlocation:
  world: kevlar
  x: -360.7048148641493
  y: 71.0
  z: 336.8628280828358
  yaw: 258.7503
  pitch: 30.899944
logoutlocation:
  world: kevlar
  x: 9986.720243753623
  y: 200.0
  z: -10019.905903922418
  yaw: 172.64516
  pitch: 15.450027
