uuid: 13f62374-649d-3782-9b18-6187bb90c59d
timestamps:
  login: 1455165792427
  logout: 1455165809107
ipAddress: 192.168.1.157
logoutlocation:
  world: kevlar
  x: 129.10481759770187
  y: 77.21694348118005
  z: 258.031391381479
  yaw: -108.29998
  pitch: 65.39999
