uuid: a26cc14e-b3ab-3612-b513-f9cf0a976ae0
timestamps:
  login: 1422186027612
  lastteleport: 1422187845559
  logout: 1422186003709
ipAddress: 127.0.0.1
lastlocation:
  world: railway
  x: -12.906548703662105
  y: 98.0
  z: 190.4898009177415
  yaw: 184.5242
  pitch: 16.081108
logoutlocation:
  world: railway
  x: 342.66672313265855
  y: 29.0
  z: 193.61130696805745
  yaw: -86.84953
  pitch: 44.400127
