uuid: 0cab246b-fe7f-3da8-8403-15686f69876e
timestamps:
  login: 1453164598964
  lastteleport: 1453164642184
  logout: 1453164237675
ipAddress: 192.168.1.19
lastlocation:
  world: kevlar
  x: 90.42418484995007
  y: 80.5
  z: 521.4400949252072
  yaw: -321.72424
  pitch: 13.79994
logoutlocation:
  world: kevlar
  x: 121.5
  y: 39.69999998807907
  z: 638.6946379559196
  yaw: -86.24623
  pitch: 24.599958
