uuid: 7c3f6b8d-2d5f-3467-ab96-6a8af4f58ffb
timestamps:
  login: 1586138693926
  lastteleport: 1586139730806
  logout: 1586140126113
ipAddress: 127.0.0.1
lastlocation:
  world: kevlar_nether
  x: 145.14455921810338
  y: 67.69999998807907
  z: 128.5
  yaw: -260.77472
  pitch: 15.599912
logoutlocation:
  world: kevlar
  x: -266.4892432444241
  y: 121.0
  z: 264.5673542377686
  yaw: -71.991005
  pitch: 16.499985
afk: false
godmode: false
money: '50'
