uuid: 62738b54-f1dd-3357-976f-6f4c3053b306
timestamps:
  login: 1586138467264
  logout: 1586138473605
  lastteleport: 1585115835111
ipAddress: 127.0.0.1
lastlocation:
  world: kevlar
  x: 15.374337291415593
  y: 94.0
  z: 640.5364645613071
  yaw: -5.2631836
  pitch: 13.429235
logoutlocation:
  world: kevlar
  x: 107.18914312221231
  y: 83.62662720616424
  z: 576.6865147482013
  yaw: -269.4516
  pitch: 24.922865
money: '3'
godmode: false
afk: false
