uuid: a55aa0d5-851c-363a-9b6f-f56fd5842a3d
timestamps:
  login: 1586648897853
  lastteleport: 1586643655500
  logout: 1586648925442
ipAddress: 127.0.0.1
lastlocation:
  world: kevlar
  x: -198.8599587753564
  y: 57.35452953375263
  z: 706.4879818782981
  yaw: 258.51318
  pitch: 10.65002
logoutlocation:
  world: kevlar
  x: -267.4519140192597
  y: 64.8482324626151
  z: 435.79084123307126
  yaw: -290.05664
  pitch: 55.949986
afk: false
godmode: true
