uuid: a55aa0d5-851c-363a-9b6f-f56fd5842a3d
timestamps:
  login: 1586393949499
  lastteleport: 1586374410913
  logout: 1586395186106
ipAddress: 127.0.0.1
lastlocation:
  world: kevlar
  x: -57.23120159616799
  y: 98.24597289236839
  z: 647.7909984673428
  yaw: 287.7622
  pitch: 47.549973
logoutlocation:
  world: kevlar
  x: -22.2653986851955
  y: 109.67166153601984
  z: 686.8349938093713
  yaw: 171.78894
  pitch: 20.999832
afk: false
godmode: true
