uuid: f80ae004-526b-312f-9fb4-8ccaf485e5f7
timestamps:
  login: 1482101092063
  logout: 1482102361369
  lastteleport: 1482102152019
ipAddress: 24.20.229.69
logoutlocation:
  world: kevlar
  x: -93.7766596646475
  y: 64.0
  z: 679.3952566443405
  yaw: -231.14502
  pitch: 7.0499954
lastlocation:
  world: kevlar
  x: 268.3473479155922
  y: 39.08734522528371
  z: 505.9579553774912
  yaw: 183.46404
  pitch: 23.400036
afk: false
money: '704'
