uuid: a00eab54-daa2-3820-af46-533b69218a2a
timestamps:
  login: 1441411497142
  lastteleport: 1441398942059
  logout: 1441411488784
ipAddress: 192.168.1.21
lastlocation:
  world: kevlar
  x: -27.979549997824456
  y: 38.0
  z: 288.470367400703
  yaw: -78.21762
  pitch: 79.05001
afk: true
logoutlocation:
  world: kevlar
  x: -44.72121376175172
  y: 81.6116330269739
  z: 628.3065550413801
  yaw: -80.680664
  pitch: 50.84998
