uuid: a7a7a832-71a4-3e7e-a336-102f84998390
timestamps:
  login: 1454811158573
  logout: 1454813300859
  lastteleport: 1452321695691
ipAddress: 39.109.152.58
lastlocation:
  world: kevlar
  x: -56.743231145491364
  y: 46.0
  z: 320.3915647439616
  yaw: -12.150115
  pitch: 32.40002
logoutlocation:
  world: kevlar
  x: -80.85074091463648
  y: 76.42682893764538
  z: 305.1824002535588
  yaw: -241.64856
  pitch: -7.8000164
afk: false
money: '1'
