uuid: 21fd2511-963c-35a9-8d6a-59ee1f4d8b40
timestamps:
  login: 1586194329481
  logout: 1586194478605
ipAddress: 127.0.0.1
logoutlocation:
  world: kevlar
  x: 128.49408717683406
  y: 78.20000004768374
  z: 128.2842070553613
  yaw: 155.25018
  pitch: 32.1
