uuid: ce633377-0ef2-3206-a421-a4ef0b39e950
timestamps:
  login: 1493327140352
  lastteleport: 1493318265861
  logout: 1493328170374
ipAddress: 10.42.0.91
lastlocation:
  world: kevlar
  x: 204.70775662608088
  y: 112.99799399066448
  z: 624.4955538562153
  yaw: 3.9134827
  pitch: 31.049929
afk: false
logoutlocation:
  world: kevlar
  x: 153.99395631407964
  y: 77.62228009630046
  z: 699.6568234151237
  yaw: 248.00586
  pitch: 44.24986
