world: kevlar
x: -67.29741901846262
y: 96.0
z: 745.2563589878151
yaw: 155.40967
pitch: -10.799963
name: 2tree
