world: godbox3
x: 557.7135521971055
y: 130.0
z: -149.60886918121298
yaw: 89.09455
pitch: 17.100018
name: a
