world: kevlar
x: -361.04768674186755
y: 49.0
z: 462.6698009262401
yaw: -262.95023
pitch: 15.299955
name: adventure1a
