world: kevlar
x: -417.5737246985307
y: 70.0
z: 471.8990800182386
yaw: 1.3500671
pitch: 11.699829
name: adventure2a
