world: kevlar
x: -444.0094100157508
y: 53.0
z: 353.46991514521136
yaw: 76.50074
pitch: 11.549885
name: adventure1b
