world: kevlar
x: -432.5
y: 72.0
z: 439.5
yaw: 145.94945
pitch: 15.149886
name: adventuretb
