world: kevlar
x: -433.92263953568903
y: 72.0
z: 439.5064253238961
yaw: 89.249466
pitch: 14.099899
name: adventure2b
