world: kevlar
x: -417.63920250072346
y: 70.0
z: 469.7906401955752
yaw: 358.5003
pitch: 24.149845
name: adventureta
