world: kevlar
x: -410.2430566498968
y: 75.0
z: 439.30000001192093
yaw: 175.80307
pitch: 54.00013
name: aftermoat
