world: kevlar
x: 19913.381007823966
y: 117.0
z: 20073.448487459525
yaw: -94.19445
pitch: 13.94997
name: aidansmit
