world: kevlar
x: -191.5329036931015
y: 73.0
z: 525.742511415732
yaw: -269.9236
pitch: 13.949958
name: airport
