world: godbox3
x: 556.506140457335
y: 130.0
z: -156.55278688496267
yaw: -179.40128
pitch: 23.700056
name: b
