world: kevlar
x: -51.65638740211585
y: 95.0
z: 648.4823737738444
yaw: 92.40619
pitch: 13.79989
name: b1
