world: kevlar
x: -87.47971258282868
y: 93.0
z: 676.4963813337139
yaw: 92.40637
pitch: 14.399908
name: b2
