world: kevlar
x: -71.89322381075237
y: 63.0
z: 661.6021108974934
yaw: -9.52417
pitch: 5.0999823
name: bdg
