world: newgame
x: -165.36712106802494
y: 76.0
z: -116.3143773101668
yaw: 4.05777
pitch: 4.799989
name: blue2
