world: newgame
x: -114.57920554053354
y: 69.0
z: -69.68412061315694
yaw: 182.70789
pitch: 2.55001
name: blue1
