world: kevlar
x: -368.2618049468033
y: 58.0
z: 456.8725856873056
yaw: -4.344116
pitch: 14.850011
name: buffroom
