world: newgame
x: -142.74237021711136
y: 128.0
z: -95.03005997121798
yaw: 182.70642
pitch: 42.90012
name: c
