world: kevlar
x: -437.0365504178426
y: 106.0
z: 445.39356653875683
yaw: 78.14752
pitch: -90.0
name: castletop
