world: kevlar
x: 1160.5140531520165
y: 67.0
z: 352.5377907012229
yaw: 174.45047
pitch: 66.14999
name: chickens
