world: kevlar
x: -95.46990634259896
y: 64.0
z: 667.903280617399
yaw: -62.245438
pitch: 0.14995709
name: citycenter
