world: kevlar
x: -876.5234716082342
y: 91.0
z: 822.3126890314247
yaw: -180.595
pitch: 13.200004
name: cows
