world: kevlar
x: 19963.90447698291
y: 83.0
z: 20095.277752891383
yaw: -83.39442
pitch: 23.849957
name: cv
