world: newgame
x: -111.71257744346386
y: 72.0
z: -106.49199515007597
yaw: -266.83655
pitch: 7.499976
name: diamond2
