world: newgame
x: -173.30360460069312
y: 70.0
z: -92.61023510347616
yaw: 280.807
pitch: 13.050036
name: diamond1
