world: kevlar
x: -348.96075088950863
y: 82.0
z: 655.9399671504806
yaw: 212.25487
pitch: -12.750077
name: dildo
