world: kevlar
x: 120.39234553393004
y: 98.0
z: 1134.7709110807148
yaw: -299.83722
pitch: 27.299948
name: drewspyramid
