world: kevlar
x: 57.80080808847064
y: 147.78578167386829
z: 1226.4453046229626
yaw: 28.209435
pitch: 17.549978
name: drewski
