world: kevlar
x: -63.40985729273269
y: 250.0
z: 316.5826692754952
yaw: -91.77969
pitch: 19.050154
name: dropper2
