world: kevlar
x: -72.596409188633
y: 250.0
z: 322.5049482213951
yaw: -3.7335742
pitch: 43.049904
name: dropper
