world: kevlar
x: -62.37062054509843
y: 104.0
z: 687.7025365249624
yaw: 3.7599354
pitch: 10.950082
name: e2tree
