world: kevlar
x: -81.41953944549479
y: 100.0
z: 675.8733754165329
yaw: -61.640114
pitch: -4.3499336
name: e3tree
