world: kevlar
x: -127.93360409310074
y: 65.0
z: 309.24536471068643
yaw: -10.345795
pitch: 73.80011
name: erikthemepark
