world: kevlar
x: -194.5160645514984
y: 64.0
z: 725.4341404959242
yaw: 5.404419
pitch: 10.499988
name: farmstation
