world: kevlar
x: -40.513851927554
y: 60.0
z: 635.4357652532108
yaw: -337.521
pitch: 5.400328
name: fireplacesecret
