world: newgame
x: -140.9674198018885
y: 117.0
z: -99.17777281928306
yaw: 251.85309
pitch: 27.900087
name: from
