world: newgame
x: -113.9975238017118
y: 113.0
z: -164.3577036520794
yaw: 180.15387
pitch: 21.300213
name: g1
