world: kevlar
x: -204.9752974781017
y: 89.0
z: 633.1040141017991
yaw: -2.5471191
pitch: -1.050126
name: gamecenter
