world: kevlar
x: -350.6541868416487
y: 51.48812376520141
z: 460.7591455199995
yaw: -4.949768
pitch: 2.2499604
name: ggwp
