world: kevlar
x: -440.2482965430317
y: 54.40032665917786
z: 353.607369230567
yaw: -215.2492
pitch: -3.600054
name: ggwp2
