world: kevlar
x: -17.6536693032052
y: 130.0
z: 634.7645400646089
yaw: -125.54999
pitch: 19.650007
name: godbox2
