world: kevlar
x: 29.279635033851495
y: 110.0
z: 609.5930521836582
yaw: -301.64993
pitch: -19.949976
name: godbox1
