world: kevlar
x: -95.23238125979437
y: 64.0
z: 462.1331280270401
yaw: -163.78511
pitch: 15.600067
name: harbor
