world: newgame
x: -137.56148113033714
y: 149.0
z: -126.57661483861801
yaw: 3.9072876
pitch: 48.600334
name: highup
