world: kevlar
x: -50.364808610093775
y: 104.0
z: 660.3725579072135
yaw: 95.878174
pitch: 17.999983
name: klolred
