world: kevlar
x: -66.98440446919913
y: 104.0
z: 659.1205438358486
yaw: 42.62378
pitch: 16.949999
name: klol3
