world: kevlar
x: -48.268308852859114
y: 94.0
z: 662.6680177035065
yaw: 95.57798
pitch: -24.299969
name: klolwut
