world: kevlar
x: -53.62381538614469
y: 98.0
z: 649.0963328891379
yaw: 328.22937
pitch: 11.850026
name: klolwut2
