world: kevlar
x: 299.7920875182423
y: 61.0
z: 491.7826243300624
yaw: -2.8338647
pitch: 43.50002
name: ktemp1
