world: kevlar
x: -10039.20547170659
y: 119.0
z: -10000.35479025093
yaw: 220.19716
pitch: 29.700008
name: ktemp2
