world: kevlar
x: -9992.105651777787
y: 85.47778778946955
z: -9980.833611177324
yaw: 270.44696
pitch: 14.99999
name: ktemp3
