world: kevlar
x: -96.41794100667701
y: 64.0
z: 672.2955131608948
yaw: -68.24543
pitch: 18.149958
name: ktemp4
