world: kevlar
x: 19778.542919727108
y: 69.0
z: 20130.060883958216
yaw: 193.2047
pitch: 9.449963
name: ktemp7
