world: newgame
x: -131.2787198256433
y: 150.0
z: -109.4577761551529
yaw: 268.35828
pitch: 30.45004
name: left
