world: kevlar
x: -142.82287463211452
y: 143.0
z: 323.14480821734253
yaw: 130.50931
pitch: 34.49993
name: lighttower
