world: newgame
x: -126.45148439603591
y: 150.0
z: -109.42921282015948
yaw: 269.84988
pitch: 34.950146
name: look
