world: kevlar
x: -9958.172516905059
y: 74.0
z: -9919.733987777123
yaw: 182.99786
pitch: 26.550064
name: mac'n'cheese
