world: kevlar
x: -3.5194760205941993
y: 67.0
z: 718.6315721858613
yaw: -178.64581
pitch: -3.6000884
name: mandamsfoodofeverkind
