world: kevlar
x: -58.11548395296379
y: 61.0
z: 521.7483867435127
yaw: -267.4452
pitch: -11.850053
name: map
