world: kevlar
x: -401.21048876822175
y: 63.0
z: 440.4713398189529
yaw: 92.092575
pitch: 15.00006
name: mazeoftaz
