world: kevlar
x: 147.54506963015936
y: 71.0
z: 1232.5615564459015
yaw: -261.15344
pitch: 0.89997226
name: mountstation
