world: kevlar
x: -10114.084623168847
y: 119.0
z: -10047.526431067943
yaw: -89.85181
pitch: 2.1001122
name: nationalpark
