world: kevlar
x: -10114.5
y: 119.0
z: -10047.5
yaw: -89.25537
pitch: 5.5499825
name: nationalpark
