world: kevlar_nether
x: 144.62323086303326
y: 68.0
z: 128.3590129766417
yaw: 79.20117
pitch: 64.800026
name: nether
