world: kevlar_nether
x: 161.5
y: 63.0
z: 152.5
yaw: 252.90079
pitch: 18.750034
name: neth
