world: kevlar
x: 174.0160279713678
y: 64.0
z: 701.0398476726132
yaw: 269.0839
pitch: 18.000002
name: northside
