world: kevlar
x: 44.40983613808485
y: 91.0
z: 642.9418250913344
yaw: 94.67575
pitch: -7.4999113
name: nxt
