world: kevlar
x: 266.4795723559233
y: 92.0
z: 615.2681772240762
yaw: 62.570972
pitch: 70.64998
name: observatory
