world: kevlar
x: -19.30000001192093
y: 40.0
z: 296.2067425639237
yaw: -189.96802
pitch: 4.6498246
name: orgy
