world: kevlar
x: -192.4649507714568
y: 91.0
z: 667.2538665566098
yaw: -267.297
pitch: 10.649897
name: pagota
