world: kevlar
x: -55.34314169402249
y: 64.0
z: 353.55933132493993
yaw: 179.11536
pitch: 5.0999846
name: park
