world: kevlar
x: -6.4457518207345705
y: 57.0
z: 733.5686055393883
yaw: -181.04474
pitch: 12.300032
name: paulssecret2tunnelb
