world: kevlar
x: -58.671203370809955
y: 38.0
z: 718.9532299993168
yaw: -357.29532
pitch: -2.0999796
name: paulssecret1tunnel
