world: kevlar
x: -28.478320105622352
y: 53.0
z: 649.9509597035417
yaw: -179.69666
pitch: 0.74989766
name: paulssecret2tuna
