world: kevlar
x: -55.60562297592172
y: 65.0
z: 748.2291919859272
yaw: -221.2475
pitch: 33.300022
name: paulssecret
