world: kevlar
x: -56.67742435143553
y: 65.0
z: 756.3320765508267
yaw: -210.44753
pitch: 6.3000216
name: paulsroom
