world: kevlar
x: -7.699999988079071
y: 68.0
z: 745.7681222973891
yaw: -84.74288
pitch: 46.04998
name: paulssecretroomatsuburbia
