world: kevlar
x: -28.47501891341455
y: 53.0
z: 650.5884502226376
yaw: -175.79657
pitch: 19.949898
name: paulssecret2tunnela
