world: kevlar
x: -23.30000001192093
y: 50.0
z: 671.6999999880791
yaw: 285.45346
pitch: 9.600052
name: paulsuburbia
