world: kevlar
x: -25.68627595995306
y: 50.0
z: 668.8468356931455
yaw: 130.05368
pitch: 9.600038
name: paulssecret2
