world: kevlar
x: 83.2121026584499
y: 64.0
z: 605.2136621934773
yaw: -138.44992
pitch: 9.000012
name: plains
