world: kevlar
x: -266.4265750138442
y: 124.0
z: 273.79708810843965
yaw: -3.8241577
pitch: 6.4498954
name: plane2
