world: kevlar
x: -52.35430951817552
y: 172.0
z: 662.6531346620969
yaw: 98.70457
pitch: 84.75
name: plane
