world: kevlar
x: 80.82827331335498
y: 82.0
z: 625.536869867188
yaw: 197.42554
pitch: 8.9999695
name: poo
