world: kevlar
x: 285.07464341266586
y: 39.0
z: 456.47914313563405
yaw: 200.88454
pitch: 45.59999
name: pooltemp
