world: kevlar
x: 238.88208612388343
y: 42.0
z: 494.34749993484894
yaw: 241.06458
pitch: 2.0999563
name: poolsubwayroom
