world: kevlar
x: 270.30000001192093
y: 57.0
z: 397.30000001192093
yaw: -39.73648
pitch: 36.150036
name: pool
