world: godbox3
x: 727.8219264196395
y: 84.0
z: -1.7372471759762598
yaw: -98.55105
pitch: 35.24999
name: quinton
