world: kevlar
x: -36.571211124967824
y: 137.0
z: 850.82275628552
yaw: -3.424225
pitch: 90.0
name: radio
