world: kevlar
x: -385.5
y: 74.0
z: 599.5
yaw: 87.44998
pitch: 33.600147
name: resort
