world: newgame
x: -142.27713666652173
y: 150.0
z: -109.34914165324324
yaw: 93.607544
pitch: 47.7
name: right
