world: kevlar
x: 158.86683174214357
y: 69.26972884179402
z: 379.02941834745366
yaw: 87.00537
pitch: 45.600018
name: rocket
