world: kevlar
x: -269.66931836503704
y: 64.0
z: 466.12672979483415
yaw: -177.8233
pitch: 3.749981
name: runway
