world: kevlar
x: 9987.454162745926
y: 200.0
z: -10021.164664264144
yaw: 52.199608
pitch: 32.249863
name: s-r-top
