world: kevlar
x: 9986.5
y: 170.0
z: -9994.5
yaw: -180.14589
pitch: -7.6498656
name: s-r-is
