world: kevlar
x: 10077.365363844392
y: 171.0
z: -10068.102285682562
yaw: 93.29974
pitch: 21.000046
name: s-r-ss
