world: kevlar
x: 21.65257711002936
y: 72.0
z: 730.6146206257728
yaw: 272.39404
pitch: -17.069084
name: school
