world: newgame
x: -144.03912289984552
y: 134.76147317139976
z: -97.49243902628007
yaw: -294.8935
pitch: 54.60002
name: sel1a
