world: newgame
x: -175.62214703761745
y: 105.54271395438724
z: -76.96101659869451
yaw: -119.8432
pitch: -28.799965
name: sel1b
