world: kevlar
x: 48.502955515878746
y: 115.0
z: 1216.3925033926853
yaw: 184.50458
pitch: -1.2946129E-5
name: ski
