world: kevlar
x: 327.1816961675124
y: 154.0
z: 601.9652559781106
yaw: 66.770996
pitch: 42.899956
name: smit
