world: newgame
x: -105.76110706590902
y: 131.0
z: -83.30232760913438
yaw: -49.7995
pitch: 45.750164
name: snipe
