world: kevlar
x: 197.17710876934964
y: 63.0
z: 353.2810518595982
yaw: 187.65546
pitch: 40.05003
name: spacex
