world: kevlar
x: 132.90642434084754
y: 66.0
z: 260.0006170618075
yaw: -227.3974
pitch: 6.9000025
name: spawngazebo
