world: railway
x: 54.406529743005066
y: 140.0
z: 265.5628787448975
yaw: 81.14992
pitch: 26.400002
name: spawnbox
