world: kevlar
x: 127.32057314055821
y: 66.0
z: 256.30114220143196
yaw: 40.5
pitch: 22.799997
name: spawn
