world: kevlar
x: 10090.828454455308
y: 143.0
z: -10151.793585649348
yaw: 41.702766
pitch: 15.899988
name: sphere1
