world: kevlar
x: 9988.221389238817
y: 171.0
z: -9994.39338055761
yaw: -198.00525
pitch: 27.149998
name: sphereredspawn
