world: kevlar
x: 9986.523218050157
y: 176.61518743522387
z: -10044.364270494865
yaw: -3.2987998
pitch: 39.600006
name: spheres
