world: kevlar
x: 9929.32952021264
y: 202.0
z: -9963.3986506745
yaw: -139.64731
pitch: 12.750134
name: sphere2
