world: kevlar
x: 57.73879280979988
y: 82.0
z: 588.9242998592266
yaw: 344.42566
pitch: -1.0498567
name: st
