world: kevlar
x: 66.73188585983273
y: 63.0
z: 530.838410279525
yaw: -24.588745
pitch: 3.7392972E-5
name: stadium
