world: kevlar
x: 110.0586836458252
y: 38.0
z: 655.5979231548926
yaw: -31.771786
pitch: 18.449965
name: stadiumgreen
