world: newgame
x: -158.38117751853173
y: 103.0
z: -98.4355289260596
yaw: 0.15637207
pitch: 23.700066
name: stairs
