world: godbox3
x: 569.3000000119209
y: 79.0
z: -156.30000001192093
yaw: -131.70007
pitch: 33.450005
name: start
