world: kevlar
x: -27.490864344891598
y: 56.0
z: 330.2071294846898
yaw: -99.28436
pitch: 26.250196
name: swampgreen
