world: kevlar
x: -419.0687093103721
y: 63.0
z: 440.5102208496717
yaw: -87.90662
pitch: 9.900176
name: tazreward
