world: kevlar
x: -194.5141303901194
y: 63.0
z: 768.7727183489824
yaw: -187.79518
pitch: 13.800019
name: temp3
