world: kevlar
x: -24.993098008443987
y: 52.0
z: 650.3000000119209
yaw: -54.446136
pitch: 90.0
name: temp
