world: kevlar
x: -103.07803419437673
y: 60.0
z: 377.95951638863767
yaw: 96.898636
pitch: 28.950033
name: temptun2
