world: kevlar
x: -23.5
y: 47.0
z: 326.5
yaw: 270.22586
pitch: 8.549935
name: temp4
