world: kevlar
x: -170.69796219040657
y: 51.0
z: 728.4524807938259
yaw: -178.86841
pitch: 5.2500534
name: temp2
