world: kevlar
x: -78.53528301040096
y: 59.0
z: 338.9196318581341
yaw: 52.797966
pitch: 15.600062
name: temptun
