world: kevlar
x: -183.74384212716518
y: 49.0
z: 702.4730216496184
yaw: -80.317505
pitch: 31.050076
name: temp1
