world: kevlar
x: -89.30000001192093
y: 77.0
z: 676.6999999880791
yaw: 164.42651
pitch: 22.64996
name: thisischeating
