world: newgame
x: -138.77440234309657
y: 115.0
z: -86.68441802944129
yaw: 271.49243
pitch: 39.150055
name: to
