world: kevlar
x: 13.005780938042923
y: 97.0
z: 639.2615291424687
yaw: 82.67932
pitch: 0.89999586
name: top
