world: kevlar
x: -80.96427837391249
y: 117.0
z: 700.3638845648011
yaw: 145.05817
pitch: 41.100086
name: treehouse
