world: kevlar
x: -359.0322430131662
y: 77.10511210154968
z: 441.73921855136655
yaw: -302.54703
pitch: 58.35006
name: ttemp
