world: newgame
x: -137.52497044908515
y: 149.0
z: -125.54873885113594
yaw: 0.90002567
pitch: 17.85001
name: uphigh
