world: kevlar
x: -219.46630464905553
y: 147.0
z: 138.564879536676
yaw: -357.97473
pitch: -9.000123
name: virus
