world: kevlar
x: 1061.5
y: 64.0
z: 603.5
yaw: -35.863434
pitch: -3.450247
name: walls3
