world: kevlar
x: 1158.699999988079
y: 64.0
z: 699.6999999880791
yaw: 138.2867
pitch: 8.249733
name: walls2
