world: kevlar
x: 1158.699999988079
y: 64.0
z: 603.3000000119209
yaw: 36.58658
pitch: -3.1502502
name: walls1
