world: kevlar
x: 1061.300000011921
y: 70.0
z: 699.6999999880791
yaw: -131.7139
pitch: -1.2002292
name: walls4
