world: kevlar
x: 1168.300000011921
y: 72.1912496537381
z: 648.517097858467
yaw: -274.21463
pitch: 6.599937
name: walls
