world: kevlar
x: -192.67862689883165
y: 62.61163302697389
z: 926.4269727066567
yaw: -123.0004
pitch: 19.350014
name: watchtowerstation
