world: kevlar
x: 993.296070608923
y: 255.0
z: 497.70110927921047
yaw: 125.70034
pitch: 88.649994
name: wool
