world: kevlar
x: -188.38833604123295
y: 60.0
z: 951.5026041402672
yaw: -356.2553
pitch: 1.4999756
name: z1
