world: kevlar
x: 114.35776920104759
y: 70.0
z: 1230.555982049053
yaw: -267.0017
pitch: 6.30006
name: z2
