world: kevlar
x: -188.5148411601381
y: 56.0
z: 1259.572004937187
yaw: -359.4054
pitch: 8.399989
name: z3
