world: kevlar
x: -28.089443496417697
y: 74.0
z: 685.0554065068242
yaw: 2.4043317
pitch: -6.9004294E-5
name: zimbabwe
